1.000000
1.000000
1.000000
1.000000
1.000000
1.000000
1.000000
1.000000
1.000000
1.000000
1.000000
1.000000
1.000000
1.000000
1.000000
1.000000
1.000000
1.000000
1.000000
1.000000
1.000000
1.000000
1.000000
1.000000
1.000000
1.000000
1.000000
1.000000
1.000000
1.000000
1.000000
1.000000
1.000000
1.000000
1.000000
0.970749
0.890457
0.824557
0.763209
0.708999
0.647059
0.604476
0.552989
0.517985
0.475389
0.442974
0.419348
0.395349
0.371710
0.344965
0.328334
0.313403
0.294517
0.280619
0.275429
0.272134
0.252905
0.241211
0.231229
0.216386
0.191803
0.180320
0.177837
0.171045
0.163852
0.152005
0.146501
0.138275
0.132099
0.129352
0.126642
0.124410
0.117788
0.111791
0.108728
0.090600
0.087621
0.083820
0.084823
0.078955
0.073053
0.071675
0.073205
0.073558
0.074268
0.066868
0.065689
0.061601
0.053509
0.058113
0.052998
0.054201
0.053135
0.051256
0.044962
0.039216
0.039237
0.041090
0.041309
0.037364
0.035171
0.037214
0.027997
0.028047
0.031250
0.025951
0.027617
0.031373
0.031373
0.025052
0.029774
0.030780
0.025014
0.022625
0.021363
0.016623
0.019302
0.018791
0.008877
0.016708
0.013525
0.002615
0.016542
0.016754
0.018782
0.013573
0.013698
0.013349
0.011837
0.012707
0.008664
0.013806
0.007978
0.006547
0.008022
0.008447
0.004025
0.003195
0.000000
0.000055
0.004677
0.004742
0.003389
0.000467
0.001753
0.002992
0.003659
0.006970
0.006974
0.008738
0.007088
0.008232
0.000367
0.001877
0.009601
0.004745
0.006869
0.007347
0.007843
0.007843
0.007843
0.007266
0.007368
0.009516
0.006475
0.005618
0.005913
0.006408
0.005852
0.007401
0.005753
0.004276
0.007672
0.009804
0.006229
0.007878
0.009466
0.008569
0.008565
0.007345
0.009927
0.008660
0.010126
0.007843
0.001270
0.006534
0.006170
0.006077
0.003384
0.005496
0.008668
0.004328
0.004052
0.005164
0.005235
0.006290
0.004344
0.008037
0.007757
0.009259
