1.000000
1.000000
1.000000
1.000000
1.000000
1.000000
1.000000
1.000000
0.970482
0.634544
0.493382
0.399147
0.324253
0.265327
0.217475
0.195816
0.153436
0.132561
0.113779
0.097914
0.081887
0.071507
0.060758
0.054658
0.047059
0.043137
0.035294
0.031772
0.033028
0.027778
0.023850
0.021281
0.017422
0.016757
0.009074
0.007843
0.005406
0.007806
0.013854
0.011972
0.011195
0.005856
0.003093
0.003084
0.005301
0.008321
0.004473
0.005667
0.006697
0.004515
0.004943
0.012070
0.011765
0.011765
0.012019
0.008676
0.009616
0.009174
0.010990
0.011125
0.008423
0.011765
0.012029
0.013066
0.011750
0.009336
0.011786
0.013667
0.008182
0.007944
0.008424
0.012973
0.006508
0.004071
0.008864
0.004903
0.008923
0.007092
0.002385
0.005394
0.007309
0.008495
0.003866
0.001797
0.002015
0.007233
0.009255
0.010296
0.011700
0.011555
0.011539
0.009180
0.007078
0.006463
0.013023
0.017182
0.003516
0.001101
0.001605
0.000197
0.003103
0.001412
0.001359
0.002105
0.003922
0.003922
0.003922
0.005575
0.003169
0.004485
0.007656
0.005455
0.004569
0.000000
0.001679
0.003922
0.004413
0.005907
0.005456
0.006494
0.006325
0.006902
0.009491
0.007667
0.006886
0.006054
0.007395
0.003922
0.003193
0.005008
0.003922
0.003922
0.003478
0.002801
0.002711
0.003323
0.001181
0.004086
0.002801
0.003981
0.001957
0.006432
0.004092
0.004197
0.003922
0.003899
0.004875
0.005911
0.004513
0.004196
0.004937
0.006948
0.008546
0.006651
0.005414
0.005879
0.004064
0.007432
0.005967
0.006474
0.006229
0.008117
0.007843
0.007207
0.003922
0.000325
0.001436
0.005650
0.007843
0.007036
0.004614
0.000493
0.000989
0.002689
0.002974
0.004906
0.002810
0.002521
0.004922
0.005864
0.005161
0.003922
0.007282
0.006848
0.000840
0.005855
0.007157
0.004948
0.006948
0.005345
0.002920
0.001957
0.002607
0.003922
0.002923
0.002041
0.002181
0.003940
0.003934
0.005622
