1.000000
1.000000
1.000000
1.000000
1.000000
1.000000
1.000000
1.000000
1.000000
1.000000
0.819958
0.572400
0.463394
0.376809
0.304226
0.251962
0.218638
0.190084
0.170868
0.148363
0.125227
0.110297
0.087208
0.082091
0.071469
0.061413
0.055032
0.045615
0.039005
0.034751
0.030990
0.020223
0.023027
0.020647
0.017778
0.017643
0.015015
0.012911
0.012435
0.011712
0.007790
0.015620
0.015017
0.012216
0.007790
0.012190
0.011690
0.006149
0.011712
0.008746
0.010506
0.007131
0.012601
0.009606
0.004378
0.007292
0.006263
0.007699
0.006503
0.008177
0.006317
0.004092
0.007464
0.008297
0.007276
0.003924
0.003881
0.006023
0.005374
0.008008
0.005104
0.008252
0.007848
0.008127
0.009463
0.007378
0.009786
0.008259
0.011678
0.012630
0.009781
0.012881
0.010607
0.007885
0.004478
0.002169
0.004130
0.006571
0.011817
0.009206
0.006260
0.000907
0.011390
0.008766
0.006082
0.007746
0.010155
0.011424
0.005624
0.008397
0.004713
0.005176
0.007317
0.006081
0.006333
0.007029
0.004397
0.000261
0.001341
0.003252
0.002725
0.000083
0.000093
0.003869
0.000220
0.000000
0.003781
0.002621
0.003902
0.000733
0.005806
0.006527
0.007790
0.007790
0.007295
0.003869
0.003746
0.002098
0.003562
0.004676
0.004813
0.008427
0.010437
0.005577
0.006019
0.005798
0.006214
0.005387
0.007790
0.007261
0.006665
0.004472
0.005459
0.007728
0.004776
0.003869
0.004993
0.005067
0.004978
0.002976
0.005877
0.004005
0.006086
0.004832
0.000079
0.005868
0.007788
0.007790
0.004528
0.005830
0.007790
0.007929
0.010551
0.007793
0.007603
0.002201
0.003212
0.006692
0.005855
0.005264
0.005058
0.005011
0.005113
0.007024
0.007097
0.007191
0.007030
0.004698
0.005886
0.007356
0.006121
0.003869
0.003293
0.003869
0.002890
0.002506
0.004017
0.003869
0.001391
0.003869
0.007402
0.004821
0.006978
0.006544
0.004431
0.003869
0.006198
0.004307
0.006962
0.006145
