1.000000
1.000000
1.000000
1.000000
1.000000
1.000000
1.000000
1.000000
1.000000
1.000000
1.000000
1.000000
1.000000
1.000000
1.000000
1.000000
1.000000
1.000000
1.000000
1.000000
1.000000
1.000000
1.000000
1.000000
1.000000
1.000000
1.000000
1.000000
1.000000
1.000000
1.000000
1.000000
1.000000
1.000000
1.000000
0.945252
0.868726
0.804355
0.742406
0.691513
0.633038
0.579581
0.538666
0.504388
0.463927
0.439041
0.412952
0.397366
0.380371
0.358305
0.334941
0.316433
0.300493
0.268468
0.257812
0.245384
0.236773
0.220450
0.211716
0.202709
0.193956
0.187943
0.180475
0.167996
0.163620
0.149218
0.140916
0.139341
0.133520
0.125802
0.116110
0.111859
0.113329
0.109176
0.095007
0.093412
0.086373
0.081947
0.078742
0.076305
0.074394
0.073160
0.068726
0.077152
0.074508
0.065294
0.061249
0.048485
0.056131
0.057159
0.059060
0.053773
0.051703
0.048230
0.044211
0.042667
0.043430
0.045030
0.041906
0.040724
0.041652
0.033154
0.034804
0.032031
0.034941
0.027816
0.026273
0.025288
0.024106
0.023773
0.015919
0.024365
0.027038
0.023256
0.022040
0.019973
0.019791
0.016277
0.014190
0.017307
0.015686
0.013717
0.001246
0.011845
0.005720
0.012282
0.013806
0.011604
0.005885
0.009073
0.008518
0.008738
0.004741
0.002411
0.003255
0.004283
0.005250
0.003763
0.005626
0.003922
0.007373
0.008111
0.009544
0.007843
0.007699
0.004664
0.007076
0.005056
0.004045
0.004652
0.004090
0.002114
0.003965
0.004592
0.004907
0.004558
0.003922
0.003298
0.001430
0.000937
0.005034
0.002717
0.000970
0.000000
0.000000
0.003302
0.002825
0.004316
0.007794
0.006360
0.008077
0.007010
0.003980
0.003922
0.007285
0.008878
0.012653
0.013164
0.010335
0.007843
0.007393
0.005501
0.004641
0.007843
0.007899
0.007843
0.006869
0.007934
0.007843
0.010908
0.004328
0.001928
0.004139
0.003922
0.003922
0.005808
0.005147
0.008205
0.006560
0.006821
