1.000000
1.000000
1.000000
1.000000
1.000000
1.000000
1.000000
1.000000
0.960666
0.611402
0.482566
0.384533
0.307928
0.250103
0.200826
0.167078
0.147617
0.127084
0.110315
0.094063
0.079011
0.069930
0.054496
0.053933
0.046194
0.038284
0.032741
0.027200
0.019742
0.019118
0.015576
0.011996
0.013840
0.012241
0.011765
0.008801
0.008053
0.008395
0.005241
0.005452
0.003922
0.009328
0.008284
0.007520
0.007596
0.004993
0.003977
0.002280
0.008428
0.005363
0.009063
0.005471
0.011021
0.008759
0.004431
0.007345
0.010238
0.011673
0.009622
0.005773
0.004642
0.000447
0.001940
0.004428
0.003407
0.000055
0.000047
0.005477
0.005427
0.007783
0.005157
0.007843
0.007843
0.009854
0.005852
0.004075
0.002793
0.004536
0.007955
0.007577
0.003927
0.008096
0.006738
0.005133
0.004531
0.001037
0.004085
0.006624
0.015791
0.011818
0.005866
0.000960
0.011442
0.011164
0.009823
0.008542
0.014130
0.015398
0.013958
0.007099
0.003694
0.005353
0.008726
0.005952
0.006396
0.005572
0.003922
0.000314
0.001394
0.004282
0.003952
0.003922
0.003922
0.004397
0.000356
0.003654
0.007742
0.002673
0.006345
0.004213
0.005858
0.004028
0.008441
0.010943
0.007348
0.003922
0.003798
0.002150
0.002585
0.002330
0.004845
0.004558
0.006568
0.001708
0.002150
0.003306
0.003922
0.003922
0.004957
0.006244
0.002796
0.000603
0.004158
0.004347
0.000908
0.002381
0.004202
0.004338
0.003064
0.001514
0.003525
0.000353
0.004246
0.004885
0.000132
0.007088
0.004706
0.007530
0.000659
0.003922
0.006134
0.007843
0.007843
0.004304
0.006954
0.002149
0.002265
0.005846
0.004427
0.004486
0.004591
0.003977
0.004312
0.003025
0.004214
0.003585
0.004263
0.003398
0.004958
0.007795
0.004229
0.003922
0.001967
0.003792
0.002943
0.002452
0.001361
0.000052
0.000000
0.003783
0.003922
0.003922
0.003110
0.003922
0.002308
0.000000
0.003922
0.004255
0.004984
0.006197
