1.000000
1.000000
1.000000
1.000000
1.000000
1.000000
1.000000
1.000000
1.000000
1.000000
1.000000
1.000000
1.000000
1.000000
1.000000
1.000000
1.000000
1.000000
1.000000
1.000000
1.000000
1.000000
1.000000
1.000000
1.000000
1.000000
1.000000
1.000000
1.000000
1.000000
1.000000
1.000000
1.000000
1.000000
0.962755
0.881550
0.811456
0.750171
0.699818
0.637180
0.590274
0.541070
0.503916
0.483141
0.452869
0.424958
0.401815
0.370942
0.340026
0.325415
0.306163
0.293000
0.279480
0.261708
0.241738
0.230874
0.223833
0.214598
0.201019
0.189659
0.178145
0.163915
0.155993
0.160343
0.150865
0.132443
0.120872
0.117569
0.113777
0.114601
0.116505
0.106714
0.105804
0.090118
0.096567
0.097155
0.077198
0.085213
0.071226
0.070510
0.063599
0.061717
0.067971
0.064011
0.060492
0.057866
0.056670
0.054189
0.049753
0.048094
0.046876
0.040992
0.032977
0.037375
0.037291
0.036131
0.042856
0.040512
0.039310
0.039210
0.036917
0.036911
0.035216
0.032914
0.028851
0.024999
0.023392
0.026149
0.014542
0.025551
0.022657
0.023451
0.022488
0.018201
0.018044
0.020446
0.018122
0.015665
0.017014
0.014270
0.016469
0.010233
0.016118
0.018182
0.013552
0.011460
0.011264
0.008002
0.011541
0.011687
0.012817
0.010482
0.001626
0.002893
0.007810
0.004055
0.001994
0.002873
0.007765
0.007765
0.009071
0.001979
0.004084
0.008429
0.006137
0.002719
0.001646
0.003848
0.002959
0.006036
0.005934
0.003911
0.004458
0.008164
0.007970
0.007765
0.003891
0.003844
0.000000
0.005211
0.004291
0.010388
0.004664
0.006403
0.007794
0.007378
0.003887
0.006993
0.001621
0.002653
0.003844
0.004124
0.007841
0.008462
0.006687
0.007539
0.004444
0.008470
0.012126
0.010247
0.005880
0.007877
0.007847
0.004992
0.012266
0.013432
0.007509
0.005099
0.005716
0.004550
0.007200
0.009452
0.011687
0.010086
0.008224
0.004658
0.008314
0.009224
0.012988
0.012111
