1.000000
1.000000
1.000000
1.000000
1.000000
1.000000
1.000000
1.000000
1.000000
1.000000
1.000000
1.000000
1.000000
1.000000
1.000000
1.000000
1.000000
1.000000
1.000000
1.000000
1.000000
1.000000
1.000000
1.000000
1.000000
1.000000
1.000000
1.000000
1.000000
1.000000
1.000000
1.000000
1.000000
1.000000
0.976579
0.891257
0.822198
0.762297
0.708794
0.652510
0.602937
0.559235
0.513899
0.480670
0.453572
0.431937
0.409363
0.388212
0.361093
0.343715
0.298607
0.287768
0.278407
0.264874
0.250362
0.239093
0.230361
0.222188
0.204965
0.193609
0.183047
0.174571
0.163349
0.157833
0.149625
0.133345
0.128864
0.121292
0.117274
0.120155
0.113044
0.102119
0.093903
0.093213
0.093647
0.080861
0.086327
0.085398
0.079958
0.073805
0.057107
0.058477
0.054543
0.061451
0.063380
0.067194
0.063640
0.059820
0.053065
0.046723
0.047830
0.045318
0.049809
0.047299
0.043427
0.031191
0.027492
0.027882
0.016133
0.033883
0.030941
0.015827
0.032101
0.032606
0.031280
0.028279
0.027597
0.026300
0.022988
0.024353
0.023003
0.022749
0.012928
0.018489
0.012302
0.020791
0.013438
0.005308
0.014956
0.015543
0.017370
0.013259
0.003503
0.008749
0.016458
0.015563
0.014658
0.010520
0.011195
0.006380
0.006800
0.010773
0.010546
0.008997
0.007517
0.007428
0.004053
0.004860
0.006869
0.007831
0.003890
0.004550
0.003543
0.003352
0.005491
0.006021
0.007386
0.010050
0.007274
0.003918
0.003970
0.000000
0.000377
0.002039
0.005603
0.001703
0.000605
0.000525
0.003383
0.008642
0.005412
0.006030
0.006708
0.003362
0.006054
0.005655
0.005072
0.004031
0.007075
0.005322
0.003970
0.009094
0.010756
0.004057
0.010061
0.008336
0.013288
0.009019
0.011130
0.007185
0.011195
0.009023
0.003173
0.004408
0.002823
0.004932
0.006379
0.003443
0.003566
0.008072
0.009847
0.008571
0.007016
0.001573
0.012107
0.007603
0.010880
0.011836
0.004284
0.004283
