1.000000
1.000000
1.000000
1.000000
1.000000
1.000000
1.000000
1.000000
0.966697
0.645810
0.502298
0.403385
0.323614
0.261868
0.216714
0.184314
0.150100
0.130627
0.105597
0.086929
0.074717
0.063134
0.052954
0.045834
0.034277
0.034228
0.030057
0.027701
0.021341
0.023009
0.020105
0.017077
0.013326
0.013953
0.012416
0.011765
0.009871
0.011924
0.010591
0.002049
0.004572
0.002457
0.005593
0.004136
0.005524
0.008784
0.004560
0.002824
0.004008
0.000509
0.001551
0.007843
0.004449
0.007820
0.001350
0.002641
0.011322
0.003189
0.008273
0.014386
0.015536
0.012219
0.011765
0.011817
0.009421
0.011765
0.008241
0.005608
0.004092
0.007923
0.006295
0.007389
0.005933
0.001368
0.006148
0.006866
0.004482
0.004541
0.003219
0.000484
0.006283
0.002299
0.002748
0.003989
0.008428
0.003520
0.004054
0.003485
0.003766
0.002521
0.002426
0.007843
0.002673
0.001118
0.003922
0.003979
0.006070
0.004224
0.005303
0.004742
0.005559
0.007382
0.003974
0.005296
0.000959
0.001728
0.002844
0.001580
0.002062
0.004954
0.004044
0.006287
0.006088
0.006940
0.008067
0.006140
0.003815
0.003702
0.006086
0.007762
0.004537
0.007530
0.001118
0.007621
0.007843
0.007843
0.007843
0.007863
0.009309
0.007843
0.006655
0.005080
0.005619
0.003922
0.001587
0.001448
0.000000
0.001861
0.003922
0.005522
0.007890
0.005774
0.000000
0.005909
0.006346
0.002383
0.003922
0.006507
0.007029
0.006173
0.004801
0.006669
0.005620
0.004887
0.006174
0.003922
0.002230
0.000655
0.000095
0.001578
0.001746
0.001821
0.001275
0.003922
0.004206
0.001812
0.000149
0.000000
0.001691
0.000521
0.000000
0.002215
0.000920
0.002274
0.008420
0.008990
0.007843
0.007160
0.006491
0.003922
0.006223
0.006331
0.003922
0.003922
0.005026
0.007843
0.005435
0.002903
0.003700
0.006880
0.005645
0.007843
0.005672
0.006261
0.004426
0.002938
0.003922
0.004932
0.004742
0.007630
