1.000000
1.000000
1.000000
1.000000
1.000000
1.000000
1.000000
1.000000
1.000000
1.000000
1.000000
1.000000
1.000000
1.000000
1.000000
1.000000
1.000000
1.000000
1.000000
1.000000
1.000000
1.000000
1.000000
1.000000
1.000000
1.000000
1.000000
1.000000
1.000000
1.000000
1.000000
1.000000
1.000000
1.000000
1.000000
0.935274
0.863439
0.804255
0.748460
0.692071
0.643521
0.598132
0.541339
0.514110
0.474454
0.436443
0.414179
0.392341
0.367658
0.346840
0.320008
0.296282
0.287925
0.274381
0.262229
0.249650
0.253964
0.249098
0.237784
0.227691
0.209374
0.179680
0.169460
0.162605
0.153916
0.142602
0.145384
0.137996
0.132465
0.124842
0.120795
0.114040
0.113206
0.108749
0.104335
0.090318
0.088364
0.086255
0.080202
0.077451
0.075142
0.067148
0.070474
0.069454
0.071033
0.074992
0.074454
0.073877
0.064129
0.052628
0.049886
0.050925
0.053036
0.050394
0.045087
0.047279
0.045319
0.042877
0.034133
0.034225
0.030993
0.028384
0.036505
0.033587
0.026231
0.024607
0.029318
0.028784
0.024383
0.027395
0.027029
0.024786
0.018326
0.027839
0.024226
0.027395
0.011122
0.019960
0.014914
0.015026
0.011709
0.003866
0.014667
0.015899
0.015460
0.014552
0.015196
0.014397
0.011149
0.006795
0.007256
0.007787
0.005822
0.004554
0.006859
0.005138
0.005447
0.003379
0.004468
0.006717
0.006295
0.001501
0.004811
0.007046
0.007787
0.008181
0.007282
0.004109
0.002135
0.006273
0.004262
0.005664
0.003866
0.004152
0.005500
0.007787
0.008561
0.008676
0.010652
0.010892
0.009586
0.008507
0.002530
0.009501
0.007787
0.007640
0.004928
0.004409
0.005824
0.005202
0.007515
0.006169
0.004818
0.006239
0.007947
0.006479
0.006653
0.003305
0.006696
0.003545
0.002874
0.006037
0.005702
0.004746
0.004104
0.004097
0.003517
0.000000
0.001862
0.002296
0.001816
0.006051
0.004522
0.006241
0.004805
0.006177
0.003688
0.000535
0.000191
0.003866
