1.000000
1.000000
1.000000
1.000000
1.000000
1.000000
1.000000
1.000000
0.968968
0.669265
0.525968
0.428227
0.343836
0.288405
0.239620
0.200216
0.154670
0.136453
0.114573
0.098555
0.085808
0.072615
0.058017
0.046541
0.042583
0.041213
0.035361
0.032754
0.026138
0.025596
0.022264
0.017984
0.012950
0.011870
0.013509
0.012678
0.008532
0.011916
0.011877
0.011951
0.006776
0.001044
0.001509
0.005655
0.005017
0.005960
0.009399
0.008096
0.008816
0.004407
0.001605
0.003487
0.004787
0.003025
0.008285
0.004177
0.011625
0.012047
0.013424
0.010223
0.009129
0.009624
0.008659
0.005516
0.008857
0.002025
0.000000
0.002956
0.007615
0.008540
0.004310
0.004894
0.007843
0.007632
0.001838
0.003719
0.002393
0.000539
0.003369
0.002945
0.005680
0.002590
0.005236
0.016624
0.017559
0.002375
0.003954
0.001719
0.003972
0.011559
0.010912
0.003922
0.006511
0.008351
0.004788
0.003271
0.007308
0.008530
0.007843
0.008305
0.011422
0.008543
0.005507
0.003922
0.004325
0.006353
0.004392
0.001008
0.002904
0.004165
0.006040
0.004628
0.006609
0.007843
0.005418
0.002204
0.004325
0.002761
0.003922
0.004582
0.003922
0.003922
0.003443
0.002929
0.003422
0.003194
0.005721
0.004651
0.004384
0.001230
0.001106
0.004465
0.002806
0.002411
0.002380
0.005853
0.005250
0.004026
0.002918
0.005017
0.007373
0.007825
0.007431
0.005344
0.007377
0.004051
0.005526
0.005056
0.004045
0.003922
0.001701
0.002114
0.003965
0.002306
0.003922
0.003922
0.002931
0.002617
0.001413
0.000937
0.002336
0.003882
0.000600
0.000000
0.000000
0.001712
0.005611
0.005299
0.006265
0.007079
0.003114
0.005021
0.005018
0.002932
0.007285
0.008857
0.007843
0.006611
0.008886
0.002895
0.007393
0.005801
0.004774
0.007843
0.000867
0.008223
0.006869
0.003922
0.003187
0.003922
0.004328
0.001928
0.001727
0.001268
0.000000
0.002374
0.003922
0.003877
0.004777
0.006393
