1.000000
1.000000
1.000000
1.000000
1.000000
1.000000
1.000000
1.000000
1.000000
0.712423
0.511724
0.392723
0.326895
0.273628
0.238863
0.194389
0.152543
0.131033
0.106806
0.094688
0.081495
0.070938
0.062982
0.055364
0.042574
0.036981
0.031373
0.027451
0.027451
0.023762
0.019608
0.019608
0.016891
0.015945
0.010251
0.011013
0.008183
0.008074
0.009431
0.009665
0.011765
0.007640
0.003839
0.004742
0.001409
0.003847
0.008755
0.003231
0.006279
0.002226
0.005678
0.007879
0.007990
0.010675
0.009497
0.008283
0.007843
0.011807
0.015149
0.011884
0.003114
0.003998
0.006571
0.010328
0.011765
0.007843
0.007877
0.006727
0.006662
0.006782
0.006711
0.013506
0.013047
0.008285
0.015686
0.006806
0.008572
0.008878
0.011426
0.005492
0.003105
0.006756
0.006900
0.011765
0.014357
0.008924
0.012158
0.007060
0.002529
0.008920
0.012294
0.012144
0.005620
0.006240
0.007214
0.004086
0.004871
0.004359
0.008346
0.007410
0.007300
0.006073
0.000154
0.000596
0.001571
0.004339
0.004669
0.003922
0.003922
0.002771
0.006362
0.007474
0.008302
0.008304
0.007364
0.001592
0.003616
0.003732
0.001764
0.004200
0.005476
0.004795
0.005569
0.004098
0.005374
0.005609
0.002337
0.002338
0.006605
0.007749
0.004742
0.007207
0.004261
0.006547
0.009065
0.006849
0.003922
0.003195
0.000000
0.000041
0.004677
0.006826
0.005184
0.001362
0.001686
0.002992
0.003659
0.005652
0.005600
0.007738
0.006837
0.007843
0.003113
0.003002
0.007843
0.004539
0.006869
0.007992
0.008502
0.007301
0.005280
0.003923
0.005157
0.005688
0.004937
0.004891
0.005762
0.005695
0.005852
0.004963
0.003144
0.004099
0.001602
0.004956
0.004479
0.005132
0.005684
0.007320
0.008565
0.006867
0.006479
0.007738
0.007957
0.007843
0.000165
0.003094
0.004628
0.006039
0.001885
0.003922
0.004447
0.003922
0.003922
0.003922
0.001938
0.004970
0.001563
0.001309
0.004508
0.004147
