1.000000
1.000000
1.000000
1.000000
1.000000
1.000000
1.000000
1.000000
1.000000
1.000000
0.892957
0.598084
0.479617
0.389307
0.320009
0.271075
0.237112
0.195174
0.164706
0.141316
0.120967
0.101818
0.085954
0.073319
0.061951
0.055761
0.049664
0.044417
0.039331
0.037090
0.031656
0.026471
0.021787
0.022543
0.017334
0.017933
0.015860
0.015846
0.016417
0.006239
0.012077
0.010639
0.010817
0.011436
0.009465
0.012077
0.008482
0.007951
0.008392
0.008606
0.007980
0.007843
0.005860
0.007798
0.001692
0.002641
0.011991
0.009450
0.012242
0.015686
0.016265
0.013913
0.013621
0.011817
0.013342
0.013086
0.008262
0.007843
0.007843
0.009888
0.009648
0.007389
0.006107
0.003077
0.007843
0.008246
0.007924
0.007843
0.005686
0.004145
0.009889
0.002299
0.005131
0.007034
0.008428
0.003520
0.004054
0.003485
0.003766
0.002521
0.002347
0.006730
0.007294
0.005039
0.008129
0.007646
0.007811
0.007843
0.004011
0.003825
0.003922
0.007843
0.005951
0.005657
0.003363
0.001967
0.003204
0.003922
0.003940
0.007110
0.005873
0.004985
0.002166
0.003236
0.004146
0.004771
0.003815
0.002248
0.006004
0.007057
0.004514
0.004404
0.004171
0.008019
0.008185
0.007843
0.008385
0.007863
0.008671
0.007843
0.007931
0.005080
0.007001
0.005920
0.003935
0.003466
0.000772
0.005066
0.004583
0.006208
0.004052
0.001852
0.000000
0.001987
0.003880
0.003831
0.002884
0.003922
0.003571
0.002329
0.000879
0.003848
0.007383
0.007898
0.007850
0.004694
0.005098
0.004577
0.003986
0.004949
0.004757
0.003833
0.001875
0.005399
0.007267
0.004857
0.000298
0.001912
0.003922
0.003759
0.000490
0.002215
0.000920
0.002557
0.008420
0.011765
0.011765
0.008170
0.008751
0.009072
0.009617
0.010252
0.009400
0.006601
0.008948
0.011120
0.005644
0.002903
0.003458
0.009123
0.008031
0.008678
0.006757
0.010103
0.007843
0.005232
0.007803
0.007099
0.005856
0.008901
