1.000000
1.000000
1.000000
1.000000
1.000000
1.000000
1.000000
1.000000
0.849413
0.567311
0.455961
0.381085
0.316933
0.255108
0.226905
0.187390
0.156457
0.132956
0.111244
0.094232
0.077253
0.063991
0.054836
0.048163
0.036118
0.041204
0.035163
0.032498
0.028908
0.027641
0.025621
0.023460
0.020710
0.022287
0.019873
0.019608
0.015371
0.014207
0.014786
0.010042
0.011805
0.001201
0.001509
0.007114
0.012245
0.010328
0.007868
0.008159
0.008848
0.007430
0.000891
0.004661
0.004366
0.003928
0.007002
0.010146
0.011914
0.015686
0.011004
0.005714
0.004644
0.004658
0.004709
0.010225
0.008371
0.000348
0.000056
0.001693
0.003140
0.008387
0.007272
0.005364
0.007454
0.006267
0.007209
0.002310
0.007356
0.007858
0.005610
0.005694
0.001392
0.001681
0.007932
0.016654
0.019322
0.012991
0.010300
0.006508
0.002599
0.000233
0.004059
0.002901
0.005312
0.007843
0.005818
0.008940
0.003508
0.004187
0.009705
0.008538
0.000955
0.002938
0.002387
0.003918
0.008082
0.007605
0.004279
0.002834
0.002729
0.004655
0.003999
0.006674
0.005005
0.001486
0.003922
0.005674
0.006369
0.004485
0.003761
0.006154
0.003922
0.003007
0.006303
0.007843
0.009023
0.006224
0.007608
0.008712
0.009178
0.003028
0.004842
0.008828
0.007193
0.005645
0.004189
0.004567
0.005718
0.004565
0.005012
0.006911
0.003922
0.003922
0.004209
0.002582
0.006061
0.005466
0.007096
0.009804
0.007170
0.004185
0.001671
0.000047
0.000946
0.000885
0.004842
0.002025
0.000242
0.000000
0.002681
0.007251
0.003875
0.006600
0.008074
0.005085
0.006623
0.006224
0.003879
0.004348
0.004133
0.000363
0.003358
0.005342
0.003619
0.004546
0.007677
0.007849
0.012113
0.009547
0.010497
0.008646
0.005808
0.008143
0.003708
0.005971
0.005725
0.002734
0.004086
0.002510
0.002200
0.003922
0.006489
0.005095
0.006669
0.004131
0.004279
0.002527
0.000000
0.001113
0.002882
0.004432
