1.000000
1.000000
1.000000
1.000000
1.000000
1.000000
1.000000
1.000000
1.000000
1.000000
0.940429
0.628291
0.498503
0.412165
0.355398
0.296187
0.246392
0.211533
0.177103
0.152541
0.131440
0.115471
0.101065
0.086180
0.069989
0.060915
0.054582
0.047105
0.046879
0.039448
0.031373
0.031965
0.026643
0.023788
0.018094
0.015958
0.014895
0.012974
0.016156
0.013647
0.015686
0.012173
0.012497
0.012585
0.006312
0.007768
0.010397
0.006333
0.010344
0.008331
0.008589
0.011004
0.011912
0.013692
0.010397
0.008664
0.005087
0.009707
0.011765
0.011884
0.007035
0.004219
0.010228
0.014250
0.015686
0.011765
0.011799
0.009822
0.009460
0.005685
0.007728
0.009585
0.011756
0.007301
0.011908
0.009173
0.008987
0.011246
0.011619
0.011821
0.006906
0.012437
0.009947
0.011765
0.010593
0.012386
0.013935
0.007060
0.001720
0.008920
0.012294
0.012144
0.002387
0.002318
0.006919
0.004152
0.006285
0.004591
0.009045
0.007410
0.007300
0.006869
0.000225
0.003479
0.003799
0.006950
0.003922
0.000110
0.000000
0.000117
0.002983
0.004035
0.004381
0.004814
0.004137
0.003995
0.006350
0.006473
0.001764
0.003319
0.008134
0.008716
0.009383
0.004150
0.006472
0.008140
0.002546
0.002338
0.006605
0.011671
0.008664
0.010654
0.006361
0.006547
0.008550
0.007843
0.005538
0.005497
0.000000
0.000041
0.004677
0.004714
0.004793
0.001362
0.001753
0.002992
0.002042
0.001877
0.005159
0.005713
0.005314
0.003922
0.003528
0.001877
0.009391
0.008396
0.006399
0.004171
0.005905
0.007865
0.005514
0.007266
0.008713
0.009557
0.004937
0.005618
0.008415
0.006635
0.005852
0.004406
0.003144
0.004099
0.005444
0.008723
0.005776
0.009053
0.006825
0.008427
0.008565
0.009051
0.008056
0.010411
0.010011
0.007843
0.004063
0.006441
0.005286
0.006185
0.003986
0.005496
0.008105
0.005353
0.004383
0.007658
0.006173
0.006126
0.005410
0.007843
0.006553
0.004842
