1.000000
1.000000
1.000000
1.000000
1.000000
1.000000
1.000000
1.000000
1.000000
0.973769
0.681687
0.558363
0.461801
0.380894
0.323752
0.281246
0.229340
0.206765
0.175635
0.145870
0.124409
0.106105
0.085866
0.077838
0.063499
0.061019
0.054765
0.050851
0.044352
0.040263
0.035761
0.033338
0.032115
0.031523
0.027485
0.025982
0.022802
0.018122
0.018702
0.013957
0.015935
0.012518
0.010032
0.009171
0.016355
0.014243
0.015665
0.012630
0.012318
0.011289
0.001484
0.008576
0.008281
0.007843
0.009445
0.007183
0.010823
0.011935
0.014414
0.013551
0.011363
0.012782
0.008625
0.013947
0.012286
0.007821
0.005395
0.002533
0.003158
0.008453
0.007266
0.005358
0.007448
0.006996
0.007837
0.006076
0.007349
0.010434
0.010814
0.008748
0.002016
0.001587
0.007926
0.016026
0.016203
0.015943
0.014109
0.008629
0.004490
0.003915
0.005305
0.002895
0.008808
0.008646
0.010807
0.010055
0.000604
0.001265
0.007939
0.004642
0.000406
0.002090
0.000953
0.000000
0.008215
0.008115
0.004630
0.006669
0.006644
0.006072
0.006891
0.005761
0.004058
0.004825
0.004736
0.003932
0.003915
0.003915
0.005496
0.005067
0.001200
0.003001
0.005109
0.007837
0.009169
0.009903
0.007837
0.008837
0.007620
0.003022
0.002767
0.008383
0.008163
0.009560
0.008104
0.000732
0.004503
0.005423
0.007432
0.006201
0.006169
0.006217
0.004202
0.005838
0.007101
0.002764
0.003168
0.006129
0.005663
0.005002
0.004610
0.000883
0.000940
0.000879
0.007037
0.005940
0.001946
0.003606
0.006298
0.010180
0.005526
0.007171
0.007837
0.005079
0.006617
0.006746
0.005635
0.004594
0.007639
0.004278
0.007274
0.005616
0.003612
0.008462
0.011222
0.011762
0.013306
0.009583
0.010441
0.010447
0.009454
0.008806
0.003702
0.005964
0.006286
0.005495
0.005226
0.004006
0.004167
0.007385
0.009943
0.008812
0.007837
0.006058
0.007731
0.005102
0.003573
0.004993
0.004596
0.006196
