1.000000
1.000000
1.000000
1.000000
1.000000
1.000000
1.000000
1.000000
1.000000
1.000000
1.000000
1.000000
1.000000
1.000000
1.000000
1.000000
1.000000
1.000000
1.000000
1.000000
1.000000
1.000000
1.000000
1.000000
1.000000
1.000000
1.000000
1.000000
1.000000
1.000000
1.000000
1.000000
1.000000
1.000000
1.000000
0.953011
0.882166
0.814722
0.761689
0.709229
0.653207
0.593153
0.545627
0.507969
0.475561
0.444455
0.413683
0.388425
0.367760
0.357043
0.339499
0.329290
0.322442
0.311598
0.287168
0.265947
0.241046
0.220946
0.214810
0.205907
0.199671
0.186981
0.176664
0.169773
0.163295
0.158254
0.156494
0.149311
0.141026
0.134014
0.128207
0.123065
0.114482
0.111356
0.106768
0.091262
0.089871
0.087317
0.076739
0.075822
0.086550
0.079611
0.070153
0.063595
0.065120
0.061118
0.060381
0.063111
0.062736
0.060239
0.058273
0.055315
0.049121
0.048350
0.054731
0.050828
0.039719
0.037303
0.038300
0.031438
0.034593
0.030426
0.028752
0.031048
0.032760
0.029446
0.023588
0.024915
0.026373
0.027419
0.023080
0.022765
0.015586
0.015383
0.016713
0.019283
0.021102
0.022867
0.017188
0.003565
0.011670
0.006873
0.010289
0.013772
0.015361
0.015444
0.016959
0.013920
0.007645
0.010039
0.011161
0.007592
0.006180
0.003685
0.003173
0.004300
0.004728
0.005986
0.005799
0.006029
0.004575
0.006711
0.003814
0.004297
0.003597
0.003597
0.004550
0.005586
0.003357
0.001055
0.004594
0.006623
0.008653
0.006326
0.007518
0.005554
0.003739
0.008081
0.004255
0.004965
0.005904
0.008636
0.007518
0.007518
0.006150
0.000000
0.001111
0.008251
0.007933
0.006711
0.007518
0.002960
0.005928
0.006878
0.008135
0.007826
0.002973
0.002196
0.004842
0.005781
0.004836
0.004993
0.007677
0.006523
0.000515
0.007843
0.006457
0.005096
0.009163
0.005020
0.007481
0.005018
0.004440
0.005120
0.005974
0.001995
0.002199
0.009270
0.010316
0.014376
