1.000000
1.000000
1.000000
1.000000
1.000000
1.000000
1.000000
1.000000
1.000000
1.000000
1.000000
1.000000
1.000000
1.000000
1.000000
1.000000
1.000000
1.000000
1.000000
1.000000
1.000000
1.000000
1.000000
1.000000
1.000000
1.000000
1.000000
1.000000
1.000000
1.000000
1.000000
1.000000
1.000000
1.000000
1.000000
0.931915
0.855491
0.786558
0.727475
0.682000
0.623177
0.581607
0.545821
0.499837
0.466721
0.431567
0.404168
0.376514
0.360221
0.338014
0.317809
0.300961
0.283785
0.265113
0.248566
0.237489
0.226146
0.221602
0.227176
0.209953
0.197517
0.186553
0.173593
0.156950
0.150190
0.136037
0.132993
0.132672
0.125646
0.120057
0.111676
0.110990
0.104470
0.102647
0.095165
0.089844
0.088296
0.085005
0.082859
0.078295
0.074685
0.070898
0.066174
0.063505
0.067333
0.065652
0.066738
0.063112
0.062894
0.059994
0.052377
0.043745
0.047189
0.054427
0.053035
0.043566
0.041917
0.046992
0.042770
0.033130
0.036585
0.031614
0.028638
0.033672
0.029166
0.029442
0.024461
0.022697
0.020008
0.021256
0.028216
0.027182
0.024370
0.003127
0.024187
0.021776
0.021340
0.021211
0.015152
0.012210
0.008514
0.000290
0.007332
0.019447
0.014931
0.011412
0.001990
0.009641
0.011105
0.010190
0.008414
0.006722
0.008862
0.004589
0.003948
0.004946
0.005899
0.005703
0.004029
0.005498
0.005313
0.003821
0.005159
0.007428
0.000769
0.003569
0.004693
0.003986
0.002711
0.001221
0.001656
0.000000
0.005500
0.003126
0.004808
0.006827
0.007488
0.007177
0.000965
0.003569
0.005781
0.007491
0.004216
0.007819
0.008968
0.003048
0.005177
0.007491
0.004410
0.005178
0.004261
0.004666
0.004813
0.004426
0.007787
0.007379
0.006731
0.003874
0.005587
0.007056
0.005821
0.003569
0.003034
0.003838
0.002590
0.002099
0.001008
0.002731
0.003569
0.003569
0.006871
0.003569
0.002757
0.005416
0.005191
0.007536
0.007668
0.000064
0.007337
0.004562
