1.000000
1.000000
1.000000
1.000000
1.000000
1.000000
1.000000
1.000000
1.000000
1.000000
0.902579
0.631324
0.507829
0.419586
0.353840
0.299047
0.246457
0.214586
0.180155
0.156258
0.134227
0.113420
0.095320
0.079993
0.070034
0.063666
0.057269
0.050216
0.044225
0.040546
0.034998
0.028112
0.022166
0.019713
0.021352
0.019306
0.015714
0.016333
0.016676
0.016267
0.010157
0.006252
0.009533
0.009807
0.008938
0.012512
0.011845
0.011765
0.009279
0.008019
0.005527
0.007409
0.004787
0.006650
0.008285
0.003922
0.007810
0.009556
0.010848
0.010362
0.012308
0.012622
0.012580
0.009438
0.012257
0.007856
0.005791
0.008124
0.011557
0.008540
0.004310
0.005348
0.009320
0.007769
0.003066
0.004161
0.002927
0.000769
0.003390
0.008663
0.005680
0.002582
0.002021
0.014218
0.013638
0.005745
0.004117
0.004421
0.006664
0.012410
0.011765
0.000000
0.008321
0.011440
0.008116
0.003362
0.008210
0.010462
0.007934
0.007843
0.008306
0.005546
0.003656
0.002708
0.001069
0.005497
0.004392
0.000750
0.002619
0.004350
0.007843
0.004648
0.002687
0.003922
0.003922
0.003945
0.004508
0.000192
0.004514
0.005543
0.002293
0.004617
0.006930
0.004002
0.004837
0.006598
0.007359
0.006170
0.004903
0.001399
0.001106
0.007770
0.006728
0.006278
0.006301
0.007849
0.007486
0.003763
0.005442
0.006430
0.007373
0.007825
0.004145
0.004315
0.004160
0.003922
0.002184
0.005713
0.006508
0.004939
0.001820
0.001181
0.003975
0.004592
0.005093
0.004558
0.003922
0.001402
0.003938
0.001001
0.003922
0.003922
0.000600
0.000000
0.000000
0.003302
0.005331
0.007612
0.007843
0.007843
0.007035
0.007124
0.006980
0.005725
0.007843
0.009409
0.010550
0.009668
0.010335
0.005468
0.004374
0.005801
0.007514
0.007843
0.004605
0.007796
0.006869
0.007843
0.003187
0.007530
0.004328
0.001928
0.004139
0.000882
0.003506
0.004498
0.004516
0.006199
0.008028
0.007000
