1.000000
1.000000
1.000000
1.000000
1.000000
1.000000
1.000000
1.000000
0.960291
0.608484
0.482777
0.376736
0.296660
0.249449
0.211757
0.181584
0.141429
0.119751
0.103432
0.092969
0.078460
0.066254
0.059715
0.052736
0.044835
0.036012
0.031405
0.026291
0.018308
0.019043
0.014255
0.013752
0.013315
0.015683
0.013793
0.011848
0.009695
0.009787
0.010783
0.006880
0.008308
0.008762
0.001926
0.011899
0.007936
0.004886
0.011211
0.010129
0.008382
0.003556
0.007305
0.001176
0.009280
0.009570
0.011765
0.011765
0.014777
0.015686
0.015686
0.014702
0.013508
0.007704
0.006931
0.004817
0.004775
0.003234
0.006409
0.011166
0.011765
0.010646
0.011406
0.010156
0.014279
0.012102
0.013132
0.003943
0.009184
0.014532
0.002868
0.009141
0.005234
0.002544
0.007632
0.008864
0.011578
0.011945
0.014669
0.016503
0.012239
0.002704
0.003805
0.005053
0.005216
0.010766
0.011651
0.010486
0.009824
0.007846
0.002738
0.007914
0.002377
0.002979
0.004741
0.006192
0.001609
0.001102
0.003857
0.003922
0.004551
0.006224
0.004586
0.005234
0.006084
0.006094
0.007843
0.007590
0.003916
0.004001
0.001306
0.002545
0.003032
0.006678
0.009674
0.008090
0.009087
0.007886
0.007193
0.004605
0.004346
0.002870
0.000000
0.002041
0.002999
0.000688
0.004043
0.003045
0.003926
0.002156
0.001180
0.004290
0.004164
0.001018
0.004866
0.007207
0.007455
0.007355
0.005646
0.004134
0.004742
0.003862
0.005023
0.001105
0.003922
0.004208
0.005555
0.008141
0.004544
0.007647
0.007843
0.008887
0.000795
0.004253
0.002523
0.007486
0.007843
0.007843
0.003144
0.004277
0.005880
0.005132
0.003979
0.002115
0.002566
0.003706
0.003905
0.002716
0.002338
0.000386
0.002760
0.002282
0.002929
0.004638
0.000851
0.003798
0.003339
0.003922
0.002557
0.000056
0.001089
0.001630
0.003922
0.003922
0.004577
0.005187
0.004048
0.003922
0.002604
0.000108
0.000000
0.003922
