1.000000
1.000000
1.000000
1.000000
1.000000
1.000000
1.000000
1.000000
1.000000
1.000000
1.000000
1.000000
1.000000
1.000000
1.000000
1.000000
1.000000
1.000000
1.000000
1.000000
1.000000
1.000000
1.000000
1.000000
1.000000
1.000000
1.000000
1.000000
1.000000
1.000000
1.000000
1.000000
1.000000
1.000000
0.948070
0.864039
0.798498
0.745046
0.690106
0.609503
0.565341
0.527666
0.492736
0.463394
0.432363
0.403341
0.375651
0.357400
0.339502
0.318538
0.303682
0.288314
0.270808
0.254624
0.234368
0.223361
0.213821
0.199162
0.192447
0.163575
0.161497
0.158587
0.152815
0.151753
0.143338
0.145279
0.138930
0.128710
0.121667
0.109307
0.106894
0.105794
0.099924
0.086564
0.089929
0.079256
0.079975
0.082262
0.070103
0.070609
0.068281
0.062281
0.061761
0.061482
0.062731
0.058331
0.054486
0.048537
0.047868
0.046231
0.045413
0.046581
0.046983
0.041210
0.039698
0.039967
0.038996
0.037953
0.039125
0.035288
0.033223
0.033938
0.032062
0.025059
0.024579
0.025279
0.023439
0.023439
0.023457
0.025864
0.019699
0.027935
0.022894
0.024870
0.023789
0.017814
0.015489
0.016215
0.020536
0.014483
0.010051
0.014745
0.006902
0.014404
0.010347
0.014112
0.011697
0.003831
0.013313
0.011674
0.011762
0.006148
0.006910
0.009396
0.003831
0.003376
0.000000
0.003677
0.004492
0.008286
0.012146
0.015071
0.014432
0.011154
0.007742
0.007518
0.003831
0.006779
0.008555
0.007909
0.009256
0.003997
0.005529
0.008109
0.007760
0.003831
0.001626
0.002558
0.001370
0.002304
0.003128
0.003165
0.001554
0.003831
0.004144
0.004292
0.000070
0.003089
0.003886
0.003274
0.000399
0.002124
0.001531
0.002184
0.008329
0.011674
0.011674
0.008261
0.010011
0.003094
0.009526
0.012774
0.011477
0.008652
0.007070
0.005260
0.005554
0.002813
0.003367
0.008458
0.007940
0.009421
0.009815
0.012303
0.011889
0.011674
0.011961
0.010734
0.008619
0.012732
