1.000000
1.000000
1.000000
1.000000
1.000000
1.000000
1.000000
1.000000
1.000000
1.000000
0.824086
0.577676
0.458561
0.379937
0.317475
0.269252
0.232698
0.197954
0.173567
0.148677
0.124956
0.108780
0.096517
0.083756
0.070934
0.062754
0.051679
0.044544
0.036899
0.035161
0.026993
0.023270
0.021000
0.024610
0.023031
0.016928
0.015797
0.015514
0.014533
0.012833
0.016269
0.012667
0.013296
0.016347
0.013233
0.009721
0.014960
0.014198
0.008210
0.005238
0.010354
0.004925
0.011740
0.013160
0.012047
0.011993
0.011666
0.011635
0.011593
0.013722
0.014762
0.011454
0.010680
0.008567
0.008525
0.006984
0.006237
0.011593
0.011593
0.010863
0.011234
0.009984
0.014107
0.011930
0.012961
0.008216
0.009516
0.011779
0.010506
0.011607
0.011296
0.006694
0.011627
0.009942
0.011593
0.008390
0.011454
0.012417
0.008146
0.002532
0.003633
0.005217
0.005044
0.007380
0.007626
0.009053
0.010786
0.007674
0.001410
0.005851
0.003846
0.003719
0.008491
0.006190
0.001438
0.000961
0.006500
0.004381
0.003874
0.003750
0.003207
0.003750
0.003750
0.003750
0.003750
0.003818
0.003844
0.000132
0.002440
0.000953
0.002694
0.006058
0.007671
0.005911
0.005913
0.005195
0.005873
0.008355
0.008096
0.002757
0.003218
0.005791
0.005706
0.004438
0.006743
0.002873
0.005912
0.005537
0.003672
0.000197
0.003821
0.001925
0.003909
0.005315
0.006162
0.004430
0.003248
0.003962
0.006319
0.007612
0.005338
0.000847
0.003750
0.004036
0.005384
0.007671
0.007724
0.007760
0.008860
0.008548
0.001834
0.004081
0.002414
0.009097
0.008560
0.007735
0.006893
0.004115
0.005708
0.004960
0.005036
0.005762
0.002077
0.005054
0.005807
0.005029
0.002802
0.003750
0.004863
0.003429
0.002757
0.007463
0.008901
0.007671
0.004008
0.004982
0.003401
0.000000
0.002835
0.002180
0.005622
0.006346
0.004406
0.006847
0.004004
0.004850
0.003123
0.000435
0.001922
0.005002
