1.000000
1.000000
1.000000
1.000000
1.000000
1.000000
1.000000
1.000000
1.000000
1.000000
0.908592
0.599167
0.486840
0.398891
0.331739
0.288786
0.248463
0.211975
0.177725
0.155673
0.130538
0.113960
0.096106
0.086275
0.073585
0.066667
0.058525
0.050081
0.048713
0.041188
0.035615
0.032261
0.029186
0.027451
0.017059
0.015686
0.015686
0.011765
0.019562
0.015894
0.016096
0.009832
0.013890
0.009470
0.008677
0.011637
0.008395
0.009589
0.010618
0.007843
0.004943
0.012070
0.012156
0.011765
0.012083
0.011718
0.006726
0.007280
0.011811
0.011125
0.008764
0.014076
0.015951
0.016439
0.014524
0.013257
0.015686
0.015328
0.010266
0.005305
0.010191
0.011914
0.008209
0.007319
0.009033
0.009045
0.013304
0.010923
0.006307
0.012050
0.003776
0.013844
0.003866
0.000705
0.002168
0.003493
0.007351
0.010126
0.010046
0.011765
0.011765
0.005336
0.005047
0.006112
0.009102
0.013261
0.003516
0.002815
0.003922
0.003878
0.004700
0.004484
0.004409
0.004224
0.002280
0.000399
0.000000
0.001934
0.003169
0.005352
0.005966
0.003386
0.001796
0.000000
0.003113
0.002449
0.000491
0.001986
0.003922
0.003410
0.004594
0.008758
0.007462
0.005985
0.007946
0.008998
0.007758
0.006896
0.004048
0.003935
0.007565
0.003996
0.005683
0.005022
0.003627
0.004625
0.005053
0.004137
0.004034
0.007169
0.005121
0.007822
0.006285
0.004654
0.006170
0.004556
0.001702
0.004672
0.003330
0.002108
0.005062
0.004303
0.006296
0.006281
0.002561
0.004930
0.004064
0.008406
0.007843
0.007251
0.006229
0.009701
0.007843
0.007207
0.003922
0.003922
0.004507
0.005688
0.007843
0.007479
0.007843
0.004414
0.004689
0.006611
0.003307
0.005084
0.003298
0.002861
0.005167
0.006106
0.005161
0.008123
0.008002
0.006989
0.003942
0.006435
0.007157
0.008045
0.009488
0.005345
0.006841
0.004128
0.005316
0.005164
0.006220
0.002845
0.002525
0.007837
0.006356
0.009493
