1.000000
1.000000
1.000000
1.000000
1.000000
1.000000
1.000000
1.000000
0.897278
0.626797
0.498393
0.405927
0.332868
0.277803
0.233639
0.192741
0.153925
0.133333
0.109473
0.090616
0.078587
0.064865
0.055490
0.044509
0.039280
0.033856
0.033029
0.029591
0.024294
0.023709
0.025058
0.019851
0.020273
0.020157
0.021785
0.021168
0.021452
0.019608
0.016377
0.003484
0.005237
0.002362
0.000668
0.003707
0.004818
0.008591
0.010249
0.002495
0.003299
0.005363
0.009761
0.008900
0.009144
0.009157
0.002004
0.000869
0.002843
0.010658
0.009245
0.009405
0.006417
0.001904
0.002226
0.007783
0.008159
0.000760
0.004702
0.005824
0.000342
0.007923
0.003721
0.001363
0.005735
0.002141
0.001679
0.007512
0.001040
0.002595
0.002146
0.002832
0.000000
0.003774
0.007061
0.004054
0.004449
0.002222
0.002859
0.004144
0.000383
0.001113
0.000642
0.005790
0.008465
0.006922
0.002034
0.000835
0.006822
0.007779
0.008127
0.007923
0.005697
0.005131
0.007843
0.008174
0.004755
0.004887
0.004317
0.003428
0.002417
0.002058
0.000016
0.003887
0.000906
0.000471
0.003893
0.004837
0.003927
0.000061
0.001405
0.002747
0.005418
0.003358
0.009131
0.007843
0.005787
0.003922
0.004114
0.004476
0.007504
0.007820
0.008138
0.006846
0.001505
0.001879
0.007888
0.006061
0.005323
0.000533
0.007690
0.007843
0.005824
0.001812
0.004161
0.004672
0.003839
0.001672
0.000000
0.002795
0.003037
0.002193
0.004046
0.004500
0.005088
0.006221
0.008686
0.007950
0.004602
0.003922
0.000078
0.005289
0.004174
0.007184
0.008265
0.000793
0.007507
0.003922
0.003922
0.000000
0.000100
0.002709
0.003651
0.004202
0.003619
0.004532
0.006329
0.005703
0.000691
0.002313
0.009160
0.007792
0.005186
0.006280
0.004399
0.004702
0.002487
0.008220
0.003877
0.002677
0.000793
0.003331
0.004142
0.001053
0.000190
0.004716
0.004805
0.003780
0.004986
0.004700
0.005777
0.002298
