1.000000
1.000000
1.000000
1.000000
1.000000
1.000000
1.000000
1.000000
1.000000
1.000000
0.795435
0.594203
0.484115
0.402252
0.339833
0.287266
0.238336
0.206944
0.172761
0.142946
0.124296
0.104689
0.089280
0.076207
0.065726
0.055527
0.049570
0.046984
0.039965
0.037390
0.034606
0.030357
0.028849
0.027984
0.027435
0.027635
0.025358
0.023672
0.020711
0.007449
0.010500
0.009703
0.009073
0.010407
0.008724
0.012428
0.015670
0.006400
0.007205
0.009624
0.014982
0.013538
0.014582
0.010674
0.004697
0.005420
0.010557
0.014184
0.012965
0.013407
0.011346
0.007761
0.006423
0.011689
0.012088
0.004627
0.009489
0.009466
0.000326
0.007907
0.005902
0.001067
0.002318
0.006046
0.002621
0.007555
0.004864
0.003918
0.007291
0.010619
0.001090
0.009193
0.010966
0.007922
0.007827
0.004186
0.004414
0.004902
0.002686
0.001097
0.000626
0.004866
0.012928
0.009896
0.002230
0.001574
0.007827
0.008638
0.008498
0.004017
0.002935
0.001194
0.007238
0.008973
0.006546
0.004871
0.005818
0.004163
0.004240
0.002042
0.000000
0.006271
0.002943
0.000455
0.003877
0.005885
0.003896
0.000048
0.002632
0.002428
0.002714
0.004303
0.007571
0.010454
0.006869
0.003679
0.004690
0.004460
0.009771
0.007838
0.008958
0.008914
0.001302
0.004963
0.005314
0.007775
0.006619
0.004172
0.007751
0.005320
0.006044
0.003608
0.005825
0.000734
0.000002
0.002781
0.001708
0.003920
0.003407
0.000088
0.001909
0.004484
0.004520
0.006205
0.007827
0.007949
0.004705
0.003906
0.002618
0.007616
0.008080
0.007954
0.008827
0.004658
0.007827
0.007472
0.003906
0.003906
0.003838
0.003993
0.003906
0.004186
0.004802
0.006991
0.008703
0.007490
0.001276
0.004611
0.011670
0.008018
0.008241
0.009583
0.006689
0.006095
0.002472
0.008204
0.007571
0.005161
0.004699
0.004964
0.005147
0.003932
0.004096
0.007185
0.007505
0.004239
0.007925
0.008606
0.008430
0.006147
